DSID	SF	XSEC[pb]	K-FACTOR	FILTEREFF	REL.UNCERT
390235	1	1.7298		1.0			0.37007		0.0
390237	1	1.7294		1.0			0.28984		0.0
390238	1	1.7287		1.0			0.29706		0.0
390246	1	0.4791		1.0			1			0.0
390247	1	0.47898		1.0			1			0.0
390249	1	0.47929		1.0			1			0.0
390251	1	0.47887		1.0			1			0.0
390253	1	0.47919		1.0			1			0.0
390254	1	0.27061		1.0			1			0.0
390255	1	0.27054		1.0			1			0.0
390263	1	0.1588		1.0			1			0.0
390264	1	0.15883		1.0			1			0.0
390266	1	0.15883		1.0			1			0.0
390268	1	0.15880		1.0			1			0.0
390270	1	0.15887		1.0			1			0.0
390272	1	0.15863		1.0			1			0.0
390273	1	0.09577		1.0			1			0.0
390279	1	0.05969		1.0			1			0.0
390280	1	0.05970		1.0			1			0.0
390281	1	0.05975		1.0			1			0.0
390282	1	0.05979		1.0			1			0.0
390283	1	0.05971		1.0			1			0.0
390284	1	0.05977		1.0			1			0.0
390285	1	0.05958		1.0			1			0.0
390286	1	0.03793		1.0			1			0.0
390293	1	0.02468		1.0			1			0.0
390294	1	0.02457		1.0			1			0.0
390295	1	0.02462		1.0			1			0.0
390296	1	0.02463		1.0			1			0.0
390297	1	0.02461		1.0			1			0.0
390298	1	0.02465		1.0			1			0.0
390299	1	0.02464		1.0			1			0.0
390300	1	0.02468		1.0			1			0.0
390301	1	0.01081		1.0			1			0.0
390302	1	0.01085		1.0			1			0.0
390303	1	0.01085		1.0			1			0.0
390304	1	0.01083		1.0			1			0.0
390305	1	0.01084		1.0			1			0.0
390306	1	0.01086		1.0			1			0.0
390307	1	0.01084		1.0			1			0.0
390308	1	0.01084		1.0			1			0.0
390309	1	0.00505		1.0			1			0.0
390310	1	0.00506		1.0			1			0.0
390311	1	0.00505		1.0			1			0.0
390312	1	0.00506		1.0			1			0.0
390313	1	0.00505		1.0			1			0.0
390314	1	0.00506		1.0			1			0.0
391834	1	0.09611		1.0			1			0.0
391835	1	0.03797		1.0			1			0.0
391836	1	0.01617		1.0			1			0.0
391837	1	0.00509		1.0			1			0.0
391838	1	0.00506		1.0			1			0.0
391839	1	0.00506		1.0			1			0.0
391840	1	0.00245		1.0			1			0.0
391841	1	0.00244		1.0			1			0.0
391842	1	0.00245		1.0			1			0.0
391843	1	0.00245		1.0			1			0.0
391844	1	0.00245		1.0			1			0.0
391845	1	0.00245		1.0			1			0.0
391846	1	0.00245		1.0			1			0.0
391847	1	0.00123		1.0			1			0.0
391848	1	0.00123		1.0			1			0.0
391849	1	0.00123		1.0			1			0.0
391850	1	0.00123		1.0			1			0.0
391851	1	0.00123		1.0			1			0.0
391852	1	0.00123		1.0			1			0.0
391853	1	0.00064		1.0			1			0.0
391854	1	0.00064		1.0			1			0.0
391855	1	0.00063		1.0			1			0.0
391856	1	0.00064		1.0			1			0.0
391857	1	0.00064		1.0			1			0.0
390131	1	8.3107		1.0			0.20945		0.0
390132	1	3.6225		1.0			0.77517		0.0
390134	1	1.7275		1.0			0.70992		0.0
390135	1	1.7274		1.0			0.83297		0.0
390136	1	1.7302		1.0			0.37994		0.0
390137	1	0.8846		1.0			0.86857		0.0
390139	1	0.47837		1.0			1			0.0
390140	1	0.47881		1.0			1			0.0
390141	1	0.47849		1.0			1			0.0
390142	1	0.47874		1.0			1			0.0
390143	1	0.27073		1.0			1			0.0
390145	1	0.15876		1.0			1			0.0
390146	1	0.15877		1.0			1			0.0
390147	1	0.15867		1.0			1			0.0
390148	1	0.15888		1.0			1			0.0
390149	1	0.15905		1.0			1			0.0
390151	1	0.05971		1.0			1			0.0
390153	1	0.05983		1.0			1			0.0
390155	1	0.05981		1.0			1			0.0
390157	1	0.05979		1.0			1			0.0
390159	1	0.05974		1.0			1			0.0
390160	1	0.05989		1.0			1			0.0
390172	1	0.02461		1.0			1			0.0
390174	1	0.02457		1.0			1			0.0
390176	1	0.02452		1.0			1			0.0
390178	1	0.02466		1.0			1			0.0
390180	1	0.02457		1.0			1			0.0
390182	1	0.02468		1.0			1			0.0
390183	1	0.02468		1.0			1			0.0
390193	1	0.01087		1.0			1			0.0
390194	1	0.01085		1.0			1			0.0
390195	1	0.01084		1.0			1			0.0
390196	1	0.01084		1.0			1			0.0
390197	1	0.01085		1.0			1			0.0
390198	1	0.01084		1.0			1			0.0
390199	1	0.01084		1.0			1			0.0
390200	1	0.01082		1.0			1			0.0
390209	1	0.00505		1.0			1			0.0
390210	1	0.00505		1.0			1			0.0
390211	1	0.00504		1.0			1			0.0
390212	1	0.00506		1.0			1			0.0
390213	1	0.00504		1.0			1			0.0
390214	1	0.00506		1.0			1			0.0
390215	1	0.00507		1.0			1			0.0
390216	1	0.00506		1.0			1			0.0
390217	1	0.00505		1.0			1			0.0
390218	1	0.05976		1.0			1			0.0
390219	1	0.02466		1.0			1			0.0
390220	1	0.01085		1.0			1			0.0
391858	1	0.03792		1.0			1			0.0
391859	1	0.0162		1.0			1			0.0
391860	1	0.00504		1.0			1			0.0
391861	1	0.00506		1.0			1			0.0
391862	1	0.00245		1.0			1			0.0
391863	1	0.00246		1.0			1			0.0
391864	1	0.00245		1.0			1			0.0
391865	1	0.00246		1.0			1			0.0
391866	1	0.00245		1.0			1			0.0
391867	1	0.00245		1.0			1			0.0
391868	1	0.00246		1.0			1			0.0
391869	1	0.00245		1.0			1			0.0
391870	1	0.00245		1.0			1			0.0
391871	1	0.00245		1.0			1			0.0
391872	1	0.00245		1.0			1			0.0
391873	1	0.00123		1.0			1			0.0
391874	1	0.00123		1.0			1			0.0
391875	1	0.00123		1.0			1			0.0
391876	1	0.00123		1.0			1			0.0
391877	1	0.00123		1.0			1			0.0
391878	1	0.00123		1.0			1			0.0
391879	1	0.00123		1.0			1			0.0
391880	1	0.00123		1.0			1			0.0
391881	1	0.00124		1.0			1			0.0
391882	1	0.00123		1.0			1			0.0
391883	1	0.00123		1.0			1			0.0
391884	1	0.00064		1.0			1			0.0
391885	1	0.00064		1.0			1			0.0
391886	1	0.00064		1.0			1			0.0
391887	1	0.00064		1.0			1			0.0
391888	1	0.00064		1.0			1			0.0
391889	1	0.00064		1.0			1			0.0
391890	1	0.00064		1.0			1			0.0
391891	1	0.00064		1.0			1			0.0
391892	1	0.00064		1.0			1			0.0
391893	1	0.00064		1.0			1			0.0
391894	1	0.00064		1.0			1			0.0
391895	1	0.00034		1.0			1			0.0
391896	1	0.00034		1.0			1			0.0
391897	1	0.00034		1.0			1			0.0
391898	1	0.00034		1.0			1			0.0
391899	1	0.00034		1.0			1			0.0
391900	1	0.00034		1.0			1			0.0
391901	1	0.00034		1.0			1			0.0
391902	1	0.00034		1.0			1			0.0
391903	1	0.00034		1.0			1			0.0
391904	1	0.00034		1.0			1			0.0
391905	1	0.00034		1.0			1			0.0
391906	1	0.00018		1.0			1			0.0
391907	1	0.00018		1.0			1			0.0
391908	1	0.00018		1.0			1			0.0
391909	1	0.00018		1.0			1			0.0
391910	1	0.00018		1.0			1			0.0
391911	1	0.00018		1.0			1			0.0
391912	1	0.00018		1.0			1			0.0
391913	1	0.00018		1.0			1			0.0
391914	1	0.00018		1.0			1			0.0
391915	1	0.00018		1.0			1			0.0
391916	1	0.00018		1.0			1			0.0
