8.5
8.5
8.5
8.5
8.5
3.8
3.8
3.8
3.8
3.8
3.8
1.83
1.83
1.83
1.83
1.83
1.83
1.83
0.95
0.95
0.95
0.95
0.95
0.95
0.95
0.52
0.52
0.52
0.52
0.52
0.52
0.52
0.52
0.3
0.3
0.3
0.3
0.3
0.3
0.3
0.3
0.3
0.175
0.175
0.175
0.175
0.175
0.175
0.175
0.175
0.175
0.175
0.107
0.107
0.107
0.107
0.107
0.107
0.067
0.067
0.067
0.067
0.067
0.067
0.067
0.043
0.043
0.043
0.043
0.043
0.043
0.028
0.028
0.028
0.028
0.028
0.028
0.028
0.028
0.0128
0.0128
0.0128
0.0128
0.0128
0.0128
0.0128
0.0128
0.0062
0.0062
0.0062
0.0062
0.0062
0.0062
8.5
